&PARTICLE_PARS_LIST
 PARTICLE_PARS%NAME="H ",
 PARTICLE_PARS%ETA2=  1.4989891157442037     ,
 PARTICLE_PARS%N0= 0.35839829616698771     ,
 PARTICLE_PARS%E0= -2.3710000000000000     ,
 PARTICLE_PARS%LAMBDA=  1.8763789813848371     ,
 PARTICLE_PARS%V0=  4.9277691915559299     ,
 PARTICLE_PARS%KAPPA=  2.7301485960565732     ,
 PARTICLE_PARS%S0= 0.68041099999999999     ,
 /
