&LATTICE_PARS_LIST
 LATTICE_PARS%NAME="Au",
 LATTICE_PARS%ETA2=  3.7466048852080527     ,
 LATTICE_PARS%N0=  0.037933193645063118 ,
 LATTICE_PARS%E0= -3.7999999999999998     ,
 LATTICE_PARS%LAMBDA= 0.72374302115324141     ,
 LATTICE_PARS%V0=  11.277858239849166     ,
 LATTICE_PARS%KAPPA=  6.7779339227933475     ,
 LATTICE_PARS%S0=  1.6417400000000000     ,
 /
